1.8512349533677317
2.6074800014906336
2.6923986047863737
2.7437402124157337
2.9330573972257366
2.9419937647892622
2.9465155062012434
2.9474328968340178
3.0110888433234044
3.012680450073228
3.0495692797767053
3.0512805029596857
3.084418408011634
3.0956083033053456
3.1144389207790786
3.188443869467821
3.279852425984976
3.295334265134282
3.332523213316458
3.343428456031486
3.348267682827458
3.351046067666494
3.351419753917624
3.355542037297021
3.376259990493343
3.3891030335068146
3.4335656625432995
3.4741083106848443
3.486443199364613
3.490492875004255
3.528282038640858
3.544526844505638
3.568150542119469
3.5895960292669926
3.590630157248584
3.596230236559311
3.6458889249701443
3.6572585502488786
3.671798674745931
3.7076358491279255
3.709640116777801
3.731615934278927
3.7886936345685718
3.8094174181106255
3.8377328049739803
3.8452764542638658
3.8550271076545477
3.8793604894874405
3.902200661012268
3.916199006426968
3.976065475352139
3.99390781543631
4.001159972622986
4.003626846492322
4.05271856748794
4.074487978991979
4.099375020114901
4.10509622629061
4.109698910751414
4.112504662993469
4.1244747109876165
4.139483796172705
4.146565067640546
4.159706904301461
4.1685218857952195
4.202538157970158
4.2064915015910875
4.2323641945709465
4.252447835954881
4.275031624549341
4.281160292049818
4.33774644213509
4.361336923304088
4.45876566346549
4.463811196458947
4.508762929953146
4.531156337763581
4.602033815926963
4.603372049760343
4.616621095253008
4.640270310078424
4.685119760010852
4.691539137995821
4.702268394962429
4.703472682385861
4.723773066271807
4.750388079911702
4.821486068086136
4.830343756027948
4.872588337997563
4.888390864309377
4.98915273793327
5.059068074999476
5.285651652009658
5.3872842732598825
5.38811225024135
5.389737137902891
5.512957143288589
5.5478108379491
5.6258752771292535
